[gd_scene format=3 uid="uid://bcutss0mqrdor"]

[node name="House" type="Node3D" unique_id=1272160834]

[node name="CSGCombiner3D" type="CSGCombiner3D" parent="." unique_id=1720073846]
use_collision = true

[node name="CSGBox3D2" type="CSGBox3D" parent="CSGCombiner3D" unique_id=2081363664]
transform = Transform3D(1, 0, 0, 0, 1, 0, 0, 0, 1, 0, 1, 0)
use_collision = true
size = Vector3(5, 6, 6)

[node name="CSGBox3D" type="CSGBox3D" parent="CSGCombiner3D" unique_id=1106917885]
transform = Transform3D(0.7071067, -0.70710677, 0, 0.70710677, 0.7071067, 0, 0, 0, 1, 2.3535528, 3.4540458, 0)
operation = 2
use_collision = true
size = Vector3(3, 4, 7)

[node name="CSGBox3D3" type="CSGBox3D" parent="CSGCombiner3D" unique_id=971444694]
transform = Transform3D(-0.70710665, 0.7071067, -8.742277e-08, 0.7071067, 0.70710665, 0, 6.181723e-08, -6.181724e-08, -1, -2.0606604, 3.4540458, 0)
operation = 2
use_collision = true
size = Vector3(3, 4, 7)

[node name="CSGCombiner3D2" type="CSGCombiner3D" parent="." unique_id=940186307]
use_collision = true

[node name="CSGBox3D" type="CSGBox3D" parent="CSGCombiner3D2" unique_id=342156036]
transform = Transform3D(0.7071067, -0.70710677, 0, 0.70710677, 0.7071067, 0, 0, 0, 1, 1.2928925, 3.1004925, 0)
use_collision = true
size = Vector3(1, 5, 7)

[node name="CSGBox3D3" type="CSGBox3D" parent="CSGCombiner3D2" unique_id=1488242120]
transform = Transform3D(-0.70710665, 0.7071067, -8.742277e-08, 0.7071067, 0.70710665, 0, 6.181723e-08, -6.181724e-08, -1, -1, 3.1004925, 0)
use_collision = true
size = Vector3(1, 5, 7)

[node name="CSGBox3D2" type="CSGBox3D" parent="CSGCombiner3D2" unique_id=1285659047]
transform = Transform3D(0.7071067, -0.70710677, 0, 0.70710677, 0.7071067, 0, 0, 0, 1, 2.3535528, 4.1611524, 0)
operation = 2
use_collision = true
size = Vector3(2, 5, 9)

[node name="CSGBox3D4" type="CSGBox3D" parent="CSGCombiner3D2" unique_id=1231900468]
transform = Transform3D(-0.70710665, 0.7071067, -8.742277e-08, 0.7071067, 0.70710665, 0, 6.181723e-08, -6.181724e-08, -1, -2.0606604, 4.1611524, 0)
operation = 2
use_collision = true
size = Vector3(2, 5, 9)
